Day,Number of animals,Number of plants,Number of free fields,Average energy,Average life time,Most popular genotype
0,100,250,2163,4500.0,0.0,4 6 0 1 6 3 1 1 3 1 0 4 1 6 3 0 5 0 6 0 4 2 6 5 3 2 1 2 6 1 3 5
1,103,254,2150,4425.4565,0.0,4 6 0 1 6 3 1 1 3 1 0 4 1 6 3 0 5 0 6 0 4 2 6 5 3 2 1 2 6 1 3 5
2,111,261,2145,4345.0,0.0,4 6 0 1 6 3 1 1 3 1 0 4 1 6 3 0 5 0 6 0 4 2 6 5 3 2 1 2 6 1 3 5
3,116,259,2135,4271.3794,0.0,4 6 0 1 6 3 1 1 3 1 0 4 1 6 3 0 5 0 6 0 4 2 6 5 3 2 1 2 6 1 3 5
4,122,261,2130,4194.4507,0.0,4 6 0 1 6 3 1 1 3 1 0 4 1 6 3 0 5 0 6 0 4 2 6 5 3 2 1 2 6 1 3 5
5,128,263,2122,4119.1484,0.0,4 6 0 1 6 3 1 1 3 1 0 4 1 6 3 0 5 0 6 0 4 2 6 5 3 2 1 2 6 1 3 5
6,134,270,2108,4038.164,0.0,4 6 0 1 6 3 1 1 3 1 0 4 1 6 3 0 5 0 6 0 4 2 6 5 3 2 1 2 6 1 3 5
7,140,277,2095,3959.793,0.0,4 6 0 1 6 3 1 1 3 1 0 4 1 6 3 0 5 0 6 0 4 2 6 5 3 2 1 2 6 1 3 5
8,145,281,2084,3882.2139,0.0,4 6 0 1 6 3 1 1 3 1 0 4 1 6 3 0 5 0 6 0 4 2 6 5 3 2 1 2 6 1 3 5
9,152,288,2075,3801.592,0.0,4 6 0 1 6 3 1 1 3 1 0 4 1 6 3 0 5 0 6 0 4 2 6 5 3 2 1 2 6 1 3 5
10,161,286,2073,3722.8447,0.0,4 6 0 1 6 3 1 1 3 1 0 4 1 6 3 0 5 0 6 0 4 2 6 5 3 2 1 2 6 1 3 5
11,171,288,2062,3641.3977,0.0,4 6 0 1 6 3 1 1 3 1 0 4 1 6 3 0 5 0 6 0 4 2 6 5 3 2 1 2 6 1 3 5
12,185,286,2061,3559.2595,0.0,4 6 0 1 6 3 1 1 3 1 0 4 1 6 3 0 5 0 6 0 4 2 6 5 3 2 1 2 6 1 3 5
13,203,291,2046,3471.3843,0.0,5 1 5 6 0 5 3 6 1 0 1 0 5 6 6 7 0 1 4 6 4 0 0 6 3 2 2 7 0 0 4 5
Day,Number of animals,Number of plants,Number of free fields,Average energy,Average life time,Most popular genotype
0,3,4,30,50.0,0.0,5 6 4 4 2
1,3,5,28,48.0,0.0,5 6 4 4 2
2,3,6,27,46.0,0.0,5 6 4 4 2
3,3,7,27,44.0,0.0,5 6 4 4 2
4,3,8,25,42.0,0.0,5 6 4 4 2
5,3,9,24,40.0,0.0,5 6 4 4 2
6,3,9,24,38.333332,0.0,5 6 4 4 2
7,3,9,24,36.666668,0.0,5 6 4 4 2
8,3,9,24,35.0,0.0,5 6 4 4 2
9,3,10,23,33.0,0.0,5 6 4 4 2
10,3,11,22,31.0,0.0,5 6 4 4 2
11,3,12,21,29.0,0.0,5 6 4 4 2
12,3,12,21,27.333334,0.0,5 6 4 4 2
13,3,12,21,25.666666,0.0,5 6 4 4 2
14,3,12,21,24.0,0.0,5 6 4 4 2
15,3,13,20,22.0,0.0,5 6 4 4 2
16,3,13,20,20.333334,0.0,5 6 4 4 2
17,3,14,19,18.333334,0.0,5 6 4 4 2
18,3,15,18,16.333334,0.0,5 6 4 4 2
19,3,15,19,14.666667,0.0,5 6 4 4 2
20,3,15,18,13.0,0.0,5 6 4 4 2
21,3,16,17,11.0,0.0,5 6 4 4 2
22,3,16,17,9.333333,0.0,5 6 4 4 2
23,3,16,17,7.6666665,0.0,5 6 4 4 2
24,3,16,18,6.0,0.0,5 6 4 4 2
25,3,17,16,4.0,0.0,5 6 4 4 2
26,3,17,17,2.3333333,0.0,5 6 4 4 2
27,1,18,18,6.0,26.0,3 1 6 2 0
28,1,18,18,5.0,26.0,3 1 6 2 0
29,1,19,16,3.0,26.0,3 1 6 2 0
30,1,20,15,1.0,26.0,3 1 6 2 0
31,1,21,15,-1.0,26.0,3 1 6 2 0
Day,Number of animals,Number of plants,Number of free fields,Average energy,Average life time,Most popular genotype
0,3,4,30,50.0,0.0,3 3 2 0 1
1,3,5,28,48.0,0.0,3 3 2 0 1
2,3,6,27,46.0,0.0,3 3 2 0 1
3,3,6,27,44.333332,0.0,3 3 2 0 1
4,3,7,26,42.333332,0.0,3 3 2 0 1
5,3,8,25,40.333332,0.0,3 3 2 0 1
6,3,9,24,38.333332,0.0,3 3 2 0 1
7,3,9,24,36.666668,0.0,3 3 2 0 1
8,3,10,24,34.666668,0.0,3 3 2 0 1
9,3,11,22,32.666668,0.0,3 3 2 0 1
10,3,12,22,30.666666,0.0,3 3 2 0 1
11,4,13,21,26.0,0.0,3 3 2 0 1
12,4,12,20,24.5,0.0,3 3 2 0 1
13,4,13,20,22.5,0.0,3 3 2 0 1
14,4,12,20,21.0,0.0,3 3 2 0 1
15,4,12,20,19.25,0.0,3 3 2 0 1
16,4,11,21,17.75,0.0,3 3 2 0 1
